13649
13649
13649
13649
13649
22752
28772
24518
25907
11655
7659
17826
7109
12701
21059
15287
9487
15224
5831
4163
14722
19937
27789
16122
24523
16283
1424
20465
10566
2798
20753
1458
17182
3530
27546
10240
30119
30339
15107
5238
31233
6307
16804
13042
26394
9063
32538
23301
28812
14000
6417
24359
10178
22209
18475
19615
1272
31716
25394
4045
4445
5336
18792
26873
25465
27590
19994
11112
23364
1078
10811
14201
6090
8053
986
8314
1161
448
7235
6719
25033
7689
6048
24610
6665
25303
27501
31695
32193
18543
14456
9835
26713
27978
20570
27143
9859
10261
13637
365
25079
25216
617
30040
13063
16926
30159
3371
13169
4223
22455
24639
26605
5970
11624
24725
1775
24479
27518
18571
28264
3783
25724
15790
3399
26853
22103
6846
25206
880
27983
3275
3814
21812
5750
15201
1897
8709
7706
27748
21084
13710
9161
2781
25419
30036
11654
782
15161
17402
12288
7925
6740
19172
31373
28944
11664
27007
22648
2552
8783
5177
22887
19288
11370
1672
32193
11712
26236
32662
6891
2152
14118
24508
1975
18811
30677
1632
19362
5786
5115
29906
9971
25610
28557
14536
32508
31866
26454
25233
23116
22311
2616
5823
8804
6166
30379
8556
31311
13681
17047
6710
8417
28135
30305
30707
19936
29462
21120
10404
23933
26768
3745
7915
32729
11898
32144
16118
25563
1919
28212
23032
22607
1298
12544
11694
8888
6269
29596
9473
14558
12641
12925
28122
19482
5755
10185
7985
8447
26449
8424
7767
12058
3571
30981
21743
20721
8361
32052
13553
24099
3845
17754
16316
28253
16048
19051
26142
31713
8864
24444
28841
10048
8526
16865
14340
11676
4632
8467
16127
4689
22689
21992
10132
16623
21468
14388
14035
32676
10138
18787
12218
11721
12104
24873
28980
19136
22901
26230
30131
32733
11949
8000
17388
23487
4865
26117
5744
20506
12394
11540
15702
30498
8347
19076
29112
4913
5117
5727
28745
7518
17814
22443
21764
21940
19816
6037
29163
17266
9191
20815
18830
23993
18300
27449
13476
10677
29508
16316
11309
25096
22826
29061
9983
23238
17692
28501
30565
20183
24358
32310
13470
11282
55
19110
2410
22727
18581
22145
21115
19392
2126
4959
1076
12968
2719
4411
25101
30561
9347
25888
23628
13166
8552
31326
22822
5271
7338
741
24809
14706
3661
16069
9058
10331
3578
18453
31254
4839
19970
12174
17885
24017
29550
28542
26592
20628
18101
21787
15706
5928
31040
5884
9999
4059
18014
2178
20634
3200
31705
4398
3413
5837
16429
1502
1703
938
19707
7727
17041
31447
31279
22617
2252
15102
8101
16633
29288
18775
13329
1622
12695
3090
5151
8015
6934
26079
27361
4155
21724
32387
32754
3943
30028
3344
20664
7762
18361
32105
19037
19592
21236
13066
3226
4172
19144
16989
7848
975
22676
710
21217
2983
16235
19916
14699
24975
18127
1436
28045
25841
24697
21556
19319
9692
22998
5773
11658
28183
19512
4606
31184
837
31853
3239
27511
1555
4384
10309
3983
16562
16628
7205
29440
10316
15729
8656
12272
2680
1339
16999
11791
1612
13330
12015
7188
16750
28544
23017
31803
12224
6074
31858
31522
5802
12677
21395
665
24305
25898
29752
17850
21819
16263
1704
15918
28021
29435
24016
13985
18992
20097
7723
27631
19463
8109
17154
2943
26159
26118
23115
19692
26737
30676
17483
18649
30012
27574
12749
14503
14300
28887
32011
1327
28653
32339
10159
3984
1005
28733
4504
14750
25931
20056
12495
10053
32253
11352
31447
28611
9916
16599
4048
28497
22125
16012
11250
22487
14395
26716
19850
20470
19363
1645
10642
28441
1395
32439
20597
29261
20441
25964
25271
31341
19556
27839
8546
30790
3675
19020
8275
26213
11600
4076
29419
29507
2998
30477
13221
23002
20329
21604
14648
22965
20019
21536
14272
27986
26239
29770
26682
725
14415
8790
58
3782
17751
3394
2945
27707
15528
32335
6526
26269
6816
14172
13773
17369
9628
21350
32411
13646
28572
16970
20783
11799
1904
262
2650
18889
28613
10980
11999
27671
12157
30391
7910
19996
18229
8488
10035
11480
19357
1058
29712
4720
16599
2712
18277
31833
30195
20513
29783
11038
30479
15450
28662
17862
29193
32615
24486
16628
8256
30811
25737
926
17836
21931
28529
933
9025
23964
20995
31951
21714
29356
19561
19086
2379
16964
20001
3436
27190
11683
26324
10343
8023
12269
20115
18031
22063
779
5263
32240
19149
32616
10443
70
9364
6454
27879
25270
19695
10954
1844
16373
14635
31344
7779
10711
8876
488
29869
22313
30578
4501
6022
6160
4499
1248
12163
2431
8037
18852
20935
12579
18658
14354
22638
22947
2469
22080
22578
27085
28264
4282
29134
21149
3130
3844
32377
26371
17001
20216
22972
25509
13765
18192
15970
18143
12588
32559
7325
11701
25731
8637
13960
26948
10996
13224
9371
2605
21066
15789
19435
20857
6727
19040
12151
1139
14024
18726
13841
20567
19085
4676
23720
19937
4285
18274
16445
4923
10664
31558
29600
14124
18828
22766
9958
2064
4119
9803
10737
13263
2452
8920
20001
65
938
14280
25056
5106
15212
2197
9663
18271
150
21495
15442
19868
6656
11439
15370
2811
3555
31623
11248
24675
11380
13575
10795
10755
711
8585
25574
27765
17134
21896
11230
8560
3508
26646
6598
13740
20784
27319
23758
7933
19230
21288
9278
15573
8482
28277
32279
15505
10493
20741
28195
24812
24967
10193
15891
11385
6520
12951
32476
31103
18823
32495
21335
11181
2769
20248
32274
2889
3279
6562
14525
21986
15814
26004
7031
17133
2679
26923
15979
2514
31646
30560
7375
8666
3806
12526
9206
5238
30257
22649
14240
7676
20518
4485
32382
20672
5127
30172
31799
11930
15973
4289
4663
2928
10336
22161
28783
25845
19710
32528
16952
16686
3674
28770
22405
5815
27376
88
18323
8842
18095
21079
7816
10568
27711
28566
10602
2995
25592
20670
15131
7605
5741
6633
15373
21516
10519
672
30427
17392
2736
27305
20463
8796
3350
23952
28814
18477
18361
1963
17298
32651
7386
30646
7881
28318
5208
16831
16213
2983
16897
3500
21821
17635
20494
5815
9110
30751
580
3283
13383
29801
13874
13330
11149
533
27263
314
17939
17871
16494
21601
32384
16517
2967
10413
15825
8857
6612
32532
14303
17955
28548
25234
6615
8334
28869
26681
7449
32385
464
10780
13300
30231
14435
9984
7201
26285
1632
11471
9338
6644
2709
6143
9280
16280
16113
24865
6909
32191
13302
7392
1158
9148
13814
22503
11330
24943
25979
19073
5513
2125
12963
2829
12053
17465
15280
31857
2270
23392
17453
3328
17160
26838
25799
7885
20909
23749
15806
12510
30031
16091
31367
2276
25747
16681
14986
2504
18285
30305
12898
2492
19724
8129
3201
13132
28912
20131
30199
22962
21488
607
28494
11035
13837
24364
5744
23509
9539
7330
29369
1205
19986
10928
11720
22051
19854
27315
22436
11165
9154
18359
28323
26719
23835
27239
13502
1154
10769
25715
6380
26476
10279
15423
27543
14100
24209
20444
13027
9931
11916
6472
30891
291
27442
30948
31215
22944
15059
5614
31059
22028
30648
4287
11138
10131
20820
988
14751
7114
13083
2177
10900
1795
30970
7663
25972
23147
24077
657
20962
688
8062
23256
29703
20871
19803
26234
29794
8042
5654
7966
17816
12045
14496
20008
24197
13265
8582
4414
9569
9899
31673
27899
6874
9270
2205
22195
19300
16922
27607
11347
6923
11582
3762
31581
21446
10332
28711
17349
25775
25491
28319
26532
402
27293
10098
21110
25628
15493
26812
26243
27082
28156
30448
20224
26403
26111
335
5434
16996
24085
497
6825
27767
17835
8859
4145
10289
31487
17029
27953
554
18688
26198
14112
23415
12494
18091
13132
1914
31179
17371
13481
27954
5318
9154
14259
7629
15215
6719
17923
11451
886
22155
7593
4219
17278
14515
16043
6729
27724
15769
9863
11208
13235
29179
22420
28866
7119
26546
31677
32640
21018
18512
13815
13637
6350
6542
26861
20305
1319
26583
9917
7489
15876
15094
4911
8726
10756
18091
23247
29778
833
22654
24617
19772
19725
23061
29013
17060
25764
32334
26877
28623
18151
1696
11909
24419
14436
22964
4471
17076
2781
29379
4036
13535
16358
14888
22899
27459
8874
29517
3696
32653
23296
4025
22503
8053
23208
5138
1094
13204
25115
5420
6398
31449
5170
10151
27229
10884
28911
9598
17469
7685
14293
24095
32664
5483
25215
11825
13218
29609
11184
21167
32280
10288
9610
18256
6077
13394
10760
8754
7951
15763
10554
20968
12207
23769
20372
10541
26646
8139
3046
18936
25548
6190
13296
12191
10010
17493
29959
16051
2450
30073
9376
22221
21654
4567
1016
15513
3269
32544
17637
17615
8159
9840
10423
12301
22890
7315
6484
754
6237
19329
13020
22553
7085
7658
14890
19934
27667
5416
20730
32553
7981
25093
32492
23660
29727
15882
17479
16916
915
17795
20475
15243
18546
29182
1514
28706
6195
28114
10419
19249
20571
22156
21559
9243
17246
5020
12945
2155
24731
13668
24424
29920
25446
24505
18483
18820
18924
22726
24534
7085
10076
19421
14920
32695
3107
32107
17370
19009
5646
9050
12440
31613
27065
15705
18106
1354
4569
6664
10090
24727
31075
30780
24505
11283
17020
6635
20724
25420
23530
15822
25784
17348
18351
29179
27714
11371
30590
6011
13552
6210
27213
1578
26759
7088
6903
1023
8793
10692
23011
30869
16729
4912
23501
11527
23931
72
5311
15830
32071
27081
17977
6370
21036
32179
8690
17043
31621
12388
15095
1773
354
6933
17357
3384
7674
16821
1372
32069
2814
1589
18088
25904
31055
22613
570
24540
10297
484
30705
9026
25482
6976
13205
13527
11310
20198
1296
8941
8950
1888
1758
8365
27539
14276
24741
17704
29742
5879
32358
10241
4039
5515
4477
27459
14981
6886
11217
27266
16291
6486
31463
1679
26004
32727
12070
8684
17833
14125
9082
23280
7801
20535
3534
1519
15591
13485
27325
23553
6828
16066
31351
30788
31529
26623
28616
4113
4405
30095
9930
18206
10338
31458
24862
7160
2141
24153
31286
4703
30602
16674
16059
8396
21762
19218
11577
15562
7063
30620
31346
7368
27663
8559
9109
24648
13708
22725
17540
1612
6382
24410
11796
24963
4623
21631
14346
18682
22516
8923
4053
4873
28630
829
20896
3411
368
11426
1570
25427
31664
186
30493
15389
17854
5848
29949
19892
11755
19009
14132
4085
28539
20149
5223
9066
11566
1066
13635
1988
5199
9214
8309
32755
29500
6001
6384
31158
20419
23563
5373
5421
6617
17495
29975
576
4848
27306
6037
32197
24592
27756
30308
24374
7810
4697
15930
5473
22200
3722
23365
16257
25838
6592
25227
22053
25769
23936
22292
6860
26998
30344
32119
13486
14374
1255
3225
24967
15713
18769
7891
23781
4734
21288
16072
25550
15998
1517
14956
15829
15895
2636
24344
27437
11419
4304
30344
4197
11279
20436
2200
28392
28561
18865
14322
8637
15951
31137
3267
29640
5179
28169
27861
16667
31821
21543
10876
26554
5073
13698
14767
20778
18188
12736
1249
1277
21872
819
11681
17570
9681
22883
8155
11009
10037
25349
12950
20911
23805
17367
10793
12499
16412
13741
16320
12987
12230
17690
1354
24154
16494
13643
27675
1589
11218
13741
9947
9426
10295
23204
5805
30949
9945
19383
9535
4127
5414
11936
10545
2196
20714
2269
3326
20364
8990
11842
16779
25026
10771
7407
17566
10030
941
7250
8831
30527
2318
14861
25160
4200
15913
20343
18670
7743
25447
15050
20056
19967
25946
9862
18896
21821
15335
32589
29784
3396
2683
12836
6687
11457
32089
3195
5248
7020
30115
25864
18535
6426
22207
15271
6149
17927
16051
3698
12296
10763
27709
23086
8246
2990
28368
19463
422
26537
18870
7185
20706
20407
15913
17200
23124
1595
15659
30460
15932
4084
32229
6645
27850
7584
17687
11312
8595
32268
4446
4167
28525
31925
29311
7352
14658
29309
11476
28188
19019
8466
18177
26539
26153
15586
16877
455
24415
12486
21738
11518
6474
30117
185
12434
27580
10790
31243
16733
30772
18709
9322
24149
30157
13817
11561
7918
25486
22661
19803
13723
31778
26063
12599
23796
27484
11240
23135
26697
22289
20954
1756
10527
23795
7527
2371
16379
21675
24045
7720
1362
2260
28832
14042
30824
16967
30744
10884
27891
25314
7337
26444
740
9102
24879
9364
5564
9278
2133
20527
3251
1604
6809
3513
3890
30093
6264
12342
24058
29876
3788
11265
18935
15184
11543
4191
30941
19107
24126
22944
17368
21925
5694
26761
16524
28125
32004
15923
22921
30792
29044
18400
7937
12724
24729
164
21146
